heon_IMG_0618_JPG.rf.07ecc17611eee3db067beeb062bb6b7c.jpg 1,316,454,643,0 289,247,299,263,1 470,198,481,225,2 575,195,589,222,2
heon_IMG_0624_JPG.rf.055306bb80e0b99433c6b849fdfbf67d.jpg 0,327,347,509,0 148,140,173,182,1 738,52,764,105,2 717,52,740,108,2
heon_IMG_0659_JPG.rf.01a778de995d19e652c3c02e52a9c39d.jpg 0,247,564,656,0 584,169,592,185,1
heon_IMG_0685_JPG.rf.115747f0100012bfd2e5e5712508e743.jpg 254,255,875,628,0 128,125,141,152,2 116,124,128,152,2 104,124,114,151,2 567,175,575,191,1
heon_IMG_0626_JPG.rf.0db07729ff5d0abdf9829f7146868523.jpg 1,333,385,513,0 190,148,220,192,1 784,55,810,109,2 762,56,788,111,2
heon_IMG_0579_JPG.rf.0914b76902706aa03fdc7d5c2055983d.jpg 633,53,650,114,2 649,58,664,119,2 0,366,569,656,0
heon_IMG_0547_JPG.rf.14c577948a1e53233fcad8cb2f592125.jpg 0,285,785,591,0 748,95,773,139,2 825,96,847,144,2 394,204,404,223,1
heon_IMG_0736_JPG.rf.1c3f7b92346973e07fe9c19df8cd8764.jpg 1,340,566,605,0 251,207,270,237,1 105,0,145,79,2 49,0,93,50,2 664,126,686,180,2 702,121,726,176,2
heon_IMG_0610_JPG.rf.270bf8e5a513f57917506b207c799a5e.jpg 406,278,875,655,0 151,162,165,189,2 242,167,254,193,2 495,211,503,227,1
heon_IMG_0531_JPG.rf.27bbe28006293232c6dc1b6b6b7f5977.jpg 461,364,875,656,0 294,37,338,128,2 76,186,101,231,2
heon_IMG_0594_JPG.rf.18267bb33089347b744ef0350dad752c.jpg 250,346,840,576,0 448,188,472,224,1
heon_IMG_0601_JPG.rf.2bc3708be72c401f7b9f1bd0afcc2ada.jpg 163,314,792,538,0 359,155,380,189,1 705,137,720,172,2 690,137,707,172,2
heon_IMG_0551_JPG.rf.2086ce1895e162689c71ade7a4402bf5.jpg 1,261,724,656,0 341,130,359,167,1
heon_IMG_0728_JPG.rf.15de0840ed98ca021e78cbb240e8d493.jpg 81,293,874,654,0 381,152,401,184,1 218,35,247,100,2 266,38,290,99,2
heon_IMG_0655_JPG.rf.1f2903cb6d3e73bc9081ae0c2fbd217d.jpg 351,324,875,654,0 259,152,283,187,1 91,213,98,227,2 85,213,91,227,2 343,189,350,203,2 317,190,324,205,2
heon_IMG_0588_JPG.rf.32f2cba2ffa7a296496af616742cd847.jpg 329,181,344,208,1 64,305,683,540,0 209,209,219,231,2 471,207,477,221,2 476,208,483,221,2 688,201,695,216,2 712,201,719,216,2
heon_IMG_0555_JPG.rf.33ed8e53807854825acb52f9f6ea4703.jpg 264,90,292,140,2 180,89,208,137,2 391,183,407,212,1 1,290,875,608,0
heon_IMG_0628_JPG.rf.3dacb61c3e86416a5911a283e4e532c4.jpg 399,308,875,654,0 168,191,182,218,2 266,187,281,216,2 496,238,506,255,1 493,163,509,198,2
heon_IMG_0578_JPG.rf.3f510bd45d9a53be074aca08049270b2.jpg 299,228,875,654,0 187,47,205,78,2
heon_IMG_0558_JPG.rf.344a48b8e8bdc40cbf7cbf826b99bc8b.jpg 387,295,875,655,0 456,172,473,199,1 250,80,271,125,2 210,78,231,125,2 184,77,204,123,2
heon_IMG_0560_JPG.rf.324157c07bd469788f064d70b1c5365f.jpg 1,298,222,462,0 256,202,270,225,1 491,137,506,170,2 544,141,561,175,2
heon_IMG_0652_JPG.rf.3e8c552c36b8f41d03bd884778b7aebb.jpg 376,267,875,655,0 64,77,81,109,2 120,76,137,108,2 539,160,554,185,1
heon_IMG_0681_JPG.rf.37c4563d158a9b1eba284ac931486956.jpg 425,303,875,655,0 229,120,253,159,1 0,174,5,189,2 249,161,255,175,2 276,159,283,175,2
heon_IMG_0723_JPG.rf.2cf6f8a5f64973fb45dc793ff5c1c677.jpg 0,356,873,656,0 244,144,266,182,1 43,0,80,54,2
heon_IMG_0683_JPG.rf.425dc9ab950776855b9f74f8d942ef14.jpg 120,263,875,634,0 523,150,539,180,1 59,76,75,110,2 115,74,132,107,2
heon_IMG_0566_JPG.rf.367639a1d156419701de1f4bd2392bd0.jpg 1,330,699,656,0 347,197,365,232,1 739,140,758,177,2 799,140,815,177,2 846,179,865,215,2
heon_IMG_0687_JPG.rf.223b02dac6da53ce0bac5ece17642b75.jpg 0,278,875,655,0 529,72,551,113,1 35,145,43,160,2 31,145,36,161,2 297,129,304,145,2 330,128,338,145,2
heon_IMG_0612_JPG.rf.4056d25d1748b444b9be1d645ef17998.jpg 431,263,875,647,0 181,147,195,174,2 273,152,285,178,2 525,194,533,211,1
heon_IMG_0692_JPG.rf.2bc5cb7ed9087d0a980dd46877eeb5e0.jpg 376,266,875,600,0 381,69,403,131,2 402,133,417,160,2
heon_IMG_0662_JPG.rf.3ff22cde91bce1bacb10911d86b66af4.jpg 1,278,498,656,0 518,202,528,219,1
heon_IMG_0597_JPG.rf.33f8cb643a669b3ff2f744cb9111ecb1.jpg 72,273,874,656,0 407,118,427,152,1 273,160,283,181,2 546,162,554,179,2 553,162,559,179,2 788,157,795,172,2 814,155,822,173,2
heon_IMG_0690_JPG.rf.4bc0062a7589308d21047b5086cb2952.jpg 294,320,679,469,0 289,176,306,221,2 305,221,317,244,1
heon_IMG_0590_JPG.rf.718858967e8d70b3c44c9bf17c58d2dc.jpg 235,387,875,655,0 457,231,479,265,1
heon_IMG_0602_JPG.rf.478bd431fc5c8344b64b3579ccc9e42c.jpg 46,355,874,656,0 358,184,377,220,1 704,174,721,208,2 720,174,736,207,2
heon_IMG_0586_JPG.rf.4ea33afc0d2239be486e15fd757644ad.jpg 0,319,564,656,0 413,242,561,277,0 485,139,509,181,1 415,185,425,202,2 638,170,643,182,2 643,171,649,182,2 856,152,863,165,2
heon_IMG_0663_JPG.rf.555026d62023ba33caa77192f1ee0090.jpg 86,323,875,655,0 342,223,355,246,1 339,177,356,214,2 644,206,657,235,2
heon_IMG_0614_JPG.rf.504d99915c4bbb1a905d04f63ab0b873.jpg 435,256,875,634,0 183,142,195,169,2 273,147,286,172,2 526,188,534,205,1
heon_IMG_0669_JPG.rf.4f2d25e1eb9edc4b332c4d4d19a2b46a.jpg 0,259,836,656,0 525,159,537,180,1
heon_IMG_0591_JPG.rf.66490b77514f1cfd4c99ae8d9a216e96.jpg 246,379,875,646,0 457,220,479,257,1
heon_IMG_0734_JPG.rf.5d086e505efea32199bda5b0d87797a4.jpg 0,343,774,656,0 401,144,427,191,1 52,10,86,80,2 133,10,167,84,2
heon_IMG_0646_JPG.rf.67de370ba0d064c536e5eb5bb5c70858.jpg 1,269,875,655,0 288,149,306,176,1 573,167,582,183,2 567,166,574,183,2 72,178,83,199,2
heon_IMG_0559_JPG.rf.4f159543bcbc63362d8deef8ae60a6c4.jpg 0,312,434,654,0 388,213,404,237,1 627,142,643,180,2 689,147,705,184,2
heon_IMG_0611_JPG.rf.5ced443931fd896fa1f4b31af09ca91f.jpg 405,274,875,653,0 152,158,165,187,2 243,165,257,191,2 496,208,505,224,1
heon_IMG_0746_JPG.rf.5673f48d34275390675539bdc8c4211d.jpg 1,272,531,656,0 238,122,267,176,1 413,118,430,160,2 397,118,414,161,2
heon_IMG_0609_JPG.rf.6af2e6f505db3c46da17a44be49c196f.jpg 525,293,875,651,0 186,137,199,164,2 275,144,288,170,2 527,193,537,210,1
heon_IMG_0650_JPG.rf.609a0a93b4e9949e0930b80b56beb236.jpg 3,237,875,655,0 212,148,220,166,2 405,116,421,143,1 708,131,715,145,2 700,130,707,145,2
heon_IMG_0689_JPG.rf.60624cde078f2ab56507c929bbce9e1a.jpg 293,323,686,466,0 307,222,319,243,1 292,176,309,222,2
heon_IMG_0568_JPG.rf.62aababee0d80ce94d72ff28ff6f1ffd.jpg 2,302,875,655,0 361,167,378,198,1 748,135,764,174,2 805,140,822,177,2 846,184,865,218,2
heon_IMG_0667_JPG.rf.59f1fdb07cc0f68308d9b1b2353a9528.jpg 1,257,779,656,0 466,160,477,182,1
heon_IMG_0557_JPG.rf.67bd9dbf1421fc617e76f50d8d1695a8.jpg 384,297,873,656,0 458,171,473,202,1 250,79,270,127,2 210,78,231,125,2 183,78,204,125,2
heon_IMG_0540_JPG.rf.5ef7de2971c003ab8e7cb8667a3aff6c.jpg 0,497,237,649,0 320,191,359,257,2
heon_IMG_0593_JPG.rf.7142dc37bfef93ecc8340fe9b82f6132.jpg 242,345,846,577,0 453,192,473,225,1
heon_IMG_0567_JPG.rf.5a72f367c9afb5d0af537e42c03cd781.jpg 357,167,374,201,1 1,306,875,655,0 741,139,760,175,2 798,143,816,180,2 840,186,859,221,2
heon_IMG_0545_JPG.rf.52f13fb2dd164d495a956d17fadc4500.jpg 3,172,855,597,0
heon_IMG_0744_JPG.rf.71f614aa08577f7fee9dbdb0b0142b44.jpg 369,275,875,654,0 654,227,661,238,1 793,5,846,129,2 664,0,714,66,2 111,127,126,162,2 103,129,114,163,2 101,169,118,201,2 246,209,255,230,2 240,169,255,195,2
heon_IMG_0572_JPG.rf.4f64a1fe8c6c826d8842d976e1314c6a.jpg 1,333,871,656,0 406,186,424,217,1 799,137,816,174,2 859,140,875,175,2
heon_IMG_0729_JPG.rf.8bc48fc9dd65b218ff45fc4f74b678ba.jpg 0,282,875,617,0 347,69,373,118,1
heon_IMG_0722_JPG.rf.84f3d2cd3183c61b3716b65c3bc7e672.jpg 1,356,875,654,0 49,0,83,55,2 248,145,269,184,1
heon_IMG_0656_JPG.rf.7c0e3c325e95275380be0d78156f7369.jpg 351,330,873,656,0 261,157,287,195,1 93,218,100,231,2 87,218,93,231,2 345,192,350,206,2 319,194,324,207,2
heon_IMG_0623_JPG.rf.805880719c08fe1b01db3c60562546a0.jpg 0,352,450,552,0 256,165,284,208,1 839,69,863,124,2
heon_IMG_0634_JPG.rf.8433cbb8c4c4398fbc457395c6579cd3.jpg 18,383,874,656,0 384,151,414,201,1
heon_IMG_0529_JPG.rf.95031be7586007e341c8dfc792c8b042.jpg 1,307,507,645,0 359,138,383,184,1 593,44,634,131,2
heon_IMG_0536_JPG.rf.8473bae023642862f418b9adb7066099.jpg 816,360,875,625,0 289,111,327,190,2 160,202,184,237,1
heon_IMG_0595_JPG.rf.745f6c4b16533db65d7960aac8d55036.jpg 52,316,722,578,0 331,189,349,218,1 212,215,222,240,2 475,215,481,229,2 481,216,486,230,2 716,206,723,224,2 693,209,699,223,2
heon_IMG_0553_JPG.rf.7eaa7cb02c32171c8dc6560d3585e7a1.jpg 39,297,875,654,0 446,193,461,223,1 327,112,351,159,2 247,112,273,157,2
heon_IMG_0664_JPG.rf.935c09e81cdcfd83df502c9772d06571.jpg 1,246,772,656,0 476,149,487,171,1
heon_IMG_0737_JPG.rf.856a39a636619c5bd03d9aa226dc25e6.jpg 158,331,875,605,0 307,186,327,215,1 126,76,154,132,2 168,76,197,132,2
heon_IMG_0627_JPG.rf.94530e960f0e83dd01d9d705afc2f7c1.jpg 1,346,378,523,0 182,163,210,204,1 771,72,798,125,2 750,73,774,124,2
heon_IMG_0630_JPG.rf.96645848365cde734feffe1fff2abfcc.jpg 0,312,366,653,0 276,239,286,257,1 460,187,473,215,2 552,189,565,216,2
heon_IMG_0644_JPG.rf.8310529eacfe97fcbc3d605defdd4fec.jpg 0,268,875,655,0 436,186,448,206,1
heon_IMG_0684_JPG.rf.885131c97c334050e4b21ba807b83b93.jpg 178,265,874,656,0 10,118,23,146,2 24,120,37,147,2 0,118,9,146,2 479,187,489,204,1
heon_IMG_0631_JPG.rf.88b33ddfd1f54a3938ec5bbfbaa67455.jpg 0,313,374,570,0 280,242,292,261,1 462,190,477,219,2 555,193,568,220,2
heon_IMG_0645_JPG.rf.93143018d35aa24511991df866c517c5.jpg 2,305,875,655,0 91,177,106,205,2 79,176,93,204,2 66,177,80,204,2 520,226,532,244,1
heon_IMG_0605_JPG.rf.99b80d98ab5324e8629618b4378c8780.jpg 1,302,875,652,0 401,228,414,247,1
heon_IMG_0657_JPG.rf.86347a2f375f78f937b7c75ee227fbf1.jpg 382,336,875,595,0 271,165,291,199,1 104,227,110,240,2 99,226,105,240,2 352,199,358,213,2 327,201,333,216,2
heon_IMG_0697_JPG.rf.872eae0ef59f1dec4739a40f0d35e84c.jpg 1,283,875,655,0 234,140,248,171,2 392,198,402,218,1
heon_IMG_0632_JPG.rf.99eff5c3ffc174e9f0b34442e0df92fc.jpg 375,348,875,488,0 155,101,184,157,2 135,101,159,158,2 505,196,524,233,1 559,37,592,118,2
heon_IMG_0688_JPG.rf.96b6d6b5f7de425981d253bdd9b4a126.jpg 1,278,875,654,0 528,74,550,115,1 36,145,42,161,2 30,145,37,161,2 296,130,303,147,2 328,131,336,148,2
heon_IMG_0556_JPG.rf.9c9224d5cdfdbca70eee82fe5e2ab19f.jpg 0,292,874,655,0 391,186,406,214,1 264,93,290,142,2 181,88,208,140,2
heon_IMG_0615_JPG.rf.9521d1c7308c92a38dbfee394a79f6cb.jpg 437,255,875,625,0 185,138,199,165,2 276,143,288,168,2 528,185,538,201,1
heon_IMG_0674_JPG.rf.78ed8d8799e8d03b62763b481c019cb6.jpg 252,295,874,656,0 392,198,403,218,1 252,149,263,174,2
heon_IMG_0550_JPG.rf.9e1aa6c985bb850009ae8bd2ed0781e1.jpg 49,272,875,608,0 380,156,396,182,1 256,58,282,111,2 175,55,203,106,2
heon_IMG_0548_JPG.rf.a1aa1b7a13b75f2e82cefc3e42b5b8bf.jpg 0,324,783,656,0 503,162,522,198,1 418,147,433,189,2 346,97,366,141,2 271,95,290,141,2
heon_IMG_0691_JPG.rf.9e50d10eb2ecdec970e75425ab7fabb2.jpg 331,243,875,555,0 320,68,342,123,2 342,124,355,152,1
heon_IMG_0738_JPG.rf.af3413888e091ed5871c812ed5eed4fd.jpg 1,337,817,618,0 409,121,440,169,1
heon_IMG_0720_JPG.rf.bed68307be79329a53b5267ff895cc37.jpg 1,343,653,656,0 441,199,459,230,1 741,107,776,170,2 788,112,818,172,2
heon_IMG_0666_JPG.rf.aee22f15564d2fe8ba82b68b195fac3e.jpg 0,252,776,656,0 464,150,476,175,1
heon_IMG_0726_JPG.rf.abed8adebc0723f160f0b42818a8d772.jpg 0,353,641,656,0 297,133,322,182,1 719,57,751,121,2 781,65,817,125,2
heon_IMG_0571_JPG.rf.b7ea0d6cf7f3f9d749b10913ccd7371a.jpg 0,328,850,656,0 406,187,423,218,1 799,136,818,174,2 859,140,875,175,2
heon_IMG_0570_JPG.rf.b42212eff35ffd623804faf202fbf893.jpg 437,238,447,256,1 280,180,294,210,2 78,313,875,653,0
heon_IMG_0543_JPG.rf.b83f5470526c5802cf1972ac0deacbe9.jpg 429,213,875,599,0
heon_IMG_0565_JPG.rf.ab9420c5357f1a3413dad8d89d366d24.jpg 354,199,374,229,1 1,330,704,656,0 751,137,768,174,2 810,137,829,172,2 859,176,875,211,2
heon_IMG_0519_JPG.rf.a7cc4dc8c1f0e4a93b2dc20a56e8bf1c.jpg 1,205,875,654,0
heon_IMG_0596_JPG.rf.b5adeecc70d7f2cc196db32c4abff553.jpg 98,308,765,540,0 356,152,372,179,1 238,184,246,206,2 499,174,504,189,2 505,174,511,189,2 723,159,730,173,2 748,158,755,173,2
heon_IMG_0686_JPG.rf.a0eeb148ab2776879a1603d33fa0b9c5.jpg 208,289,875,654,0 75,157,87,183,2 62,157,75,184,2 48,156,61,183,2 519,208,527,224,1
heon_IMG_0661 2_JPG.rf.bdcdda934029560d13c75ceb3d937dd6.jpg 1,282,486,656,0 499,206,507,222,1
heon_IMG_0730_JPG.rf.bd7c92fe671a84d885081a41ba9cbb32.jpg 1,260,648,656,0 244,117,264,149,1 677,33,700,86,2 715,31,744,91,2
heon_IMG_0546_JPG.rf.a270a8a0cd8f01fb3f6ae362e068c3ba.jpg 0,128,875,572,0
heon_IMG_0727_JPG.rf.bf9f581e656e1f68c9cc0eed8de960ab.jpg 83,297,875,655,0 380,156,399,189,1 218,41,248,104,2 265,41,287,105,2
heon_IMG_0604_JPG.rf.a477fb3f459289497479bead5b67b7af.jpg 256,342,874,655,0 593,165,616,203,1 61,218,72,237,2 318,206,325,224,2 348,206,357,224,2
heon_IMG_0589_JPG.rf.b32d9d276f631765d3a53408bfdd0649.jpg 221,388,874,656,0 452,229,473,265,1
heon_IMG_0620_JPG.rf.b0a4f50b8fbb995cc6243b8276bde607.jpg 193,357,875,655,0 393,152,418,197,1
heon_IMG_0525_JPG.rf.b11b7976a74d7ca79dbd483b0ccef50a.jpg 0,262,469,589,0 544,63,568,106,1
heon_IMG_0643_JPG.rf.afd521a657ce06da6c47ab11baaf5b46.jpg 234,240,875,655,0 267,149,283,172,1
heon_IMG_0607_JPG.rf.a3b5c45b40bf4dfe6354f60658e9d5d6.jpg 1,278,873,642,0 385,200,397,219,1
heon_IMG_0526_JPG.rf.c31f330389ac146a96a0ae5fbed9f8a6.jpg 1,263,473,589,0 548,65,569,109,1
heon_IMG_0603_JPG.rf.cebc349c76a94aa7b5ec56e11dd785b0.jpg 244,345,874,656,0 586,167,611,207,1 313,207,322,225,2 344,207,353,225,2 58,218,67,235,2
heon_IMG_0574_JPG.rf.c4a5d8fb6f29e35e2911ab871fb76a64.jpg 236,222,874,656,0
heon_IMG_0694_JPG.rf.ed597277ac0fc8dc7ab15707a1329dc4.jpg 105,336,875,655,0 287,145,312,186,1
heon_IMG_0537_JPG.rf.eca677ee21c51b9eb459655e365edf5b.jpg 348,209,373,246,1 566,112,602,199,2 0,365,395,617,0
heon_IMG_0541_JPG.rf.e2e64f6219f906772ab30b17103efbbe.jpg 1,233,875,654,0
heon_IMG_0745_JPG.rf.de04e98f7401c0a512cb8c9d4d6db8eb.jpg 366,276,875,655,0 650,229,657,240,1 110,127,123,162,2 100,127,112,161,2 98,170,113,200,2 238,171,250,194,2 251,196,261,218,2 242,210,251,230,2 786,68,840,134,2
heon_IMG_0696_JPG.rf.e9ab910cf7529dcf8a1406408120086e.jpg 2,281,874,656,0 230,142,243,171,2 388,200,398,217,1
heon_IMG_0651_JPG.rf.c72877f835b753f0a8a2d8810f5c2899.jpg 0,234,875,655,0 207,144,216,164,2 403,114,417,141,1 704,129,711,144,2 697,128,705,144,2
heon_IMG_0678_JPG.rf.e5c546b3314a132123ac66e39f9cf760.jpg 0,225,875,655,0 443,125,454,146,1
heon_IMG_0668_JPG.rf.d5c384c3bb8be1de7d98a324a7151e34.jpg 2,251,837,656,0 528,155,539,176,1
heon_IMG_0534_JPG.rf.cfcf9a9d64deeef139c68358b5d86cbe.jpg 335,217,875,655,0
heon_IMG_0733_JPG.rf.e7ecd32aae40ab3af4223f84975e7766.jpg 0,284,763,646,0 310,148,330,181,1 728,53,756,106,2 772,51,798,105,2
heon_IMG_0569_JPG.rf.c7cd9c08924ba2e7b52d7564fa9c695c.jpg 71,316,875,655,0 278,180,291,209,2 434,238,447,257,1
heon_IMG_0554_JPG.rf.c822ed329ec3c500611c1d2130f8bf65.jpg 37,298,874,656,0 442,197,459,223,1 319,112,348,159,2 246,112,268,157,2
heon_IMG_0693_JPG.rf.d6f54aef72399005b79e3ca6d8f3d991.jpg 374,265,875,597,0 382,74,405,133,2 404,134,420,161,1
heon_IMG_0672_JPG.rf.cf466b0750fdc99a19a6fc73bccb3723.jpg 0,279,581,656,0 326,189,339,208,1 740,104,757,140,2
heon_IMG_0606_JPG.rf.eec12f7fbb03e700074d7c6ea4260733.jpg 1,281,875,654,0 384,201,398,224,1
heon_IMG_0599_JPG.rf.f8ad60d6b05f9166f3a063fef0033642.jpg 210,291,875,655,0 4,37,31,86,2 99,38,122,89,2 461,109,483,166,2 447,172,456,191,1 480,166,498,197,1
heon_IMG_0633_JPG.rf.e0b0d8b246f3f1f6b62ac93078081321.jpg 371,345,875,489,0 502,197,522,234,1 153,100,182,156,2 134,99,154,155,2 558,34,595,117,2
heon_IMG_0629_JPG.rf.dfaddcb2759a34658943bd23af6608e3.jpg 328,252,875,589,0 85,127,101,156,2 193,126,207,157,2 427,104,445,140,2 432,181,441,198,1
heon_IMG_0671_JPG.rf.df33241cdd8cc559023d4494cebc4b4c.jpg 174,240,873,597,0 329,135,340,157,1 181,73,193,101,2
heon_IMG_0739_JPG.rf.efccd7e5cc6c5d219d779a1ff48730a7.jpg 1,336,875,655,0 380,189,402,221,1 233,82,258,137,2 273,80,295,137,2
heon_IMG_0741_JPG.rf.c7b468c35c155d249931085fd8cf6249.jpg 1,182,875,614,0
heon_IMG_0642_JPG.rf.db4757a0e288a91413f358cdf903f321.jpg 230,235,874,656,0 267,149,282,170,1
heon_IMG_0740_JPG.rf.f4e0352205b44f888c81974a523666d6.jpg 0,191,875,582,0
heon_IMG_0658_JPG.rf.ff45ab116d828d02ac2c589c2881bc6a.jpg 378,337,875,595,0 273,166,294,201,1 109,228,114,241,2 102,228,107,241,2 355,200,361,215,2 330,203,336,216,2
heon_IMG_0677_JPG.rf.fc3c854832154de7b50118d3728a7bef.jpg 6,281,875,655,0 457,151,467,175,1
heon_IMG_0743_JPG.rf.fb4114e3d3ef5b87bde39d4e2845b03e.jpg 1,290,497,656,0 435,177,448,203,1
heon_IMG_0699_JPG.rf.fe07fd8896589d889957cddd4231fffa.jpg 1,286,634,656,0 435,159,449,187,1